Ê±¼ä(·ÖÖÓ)\×®ºÅ£¨km£©   14.620   15.051   15.121   22.283   22.283   26.800   26.830   28.385   28.415   36.354   36.354   36.404   36.434   36.444
.0000   180.56   180.56   180.56   180.11   180.11   179.67   179.67   179.66   179.67   230.62   230.62   259.26   259.26   263.06
5.0000   180.56   180.56   180.56   180.17   180.17   179.66   179.67   179.65   179.65   293.02   293.02   292.79   292.79   292.92
10.000   180.56   180.57   180.57   180.17   180.17   180.03   180.03   179.66   179.66   295.41   295.41   295.57   295.57   295.58
15.000   180.56   180.56   180.56   180.14   180.14   180.11   180.11   180.05   180.05   286.15   286.15   286.24   286.24   286.24
20.000   180.56   180.52   180.52   180.18   180.18   179.87   179.87   197.47   197.47   277.95   277.95   278.05   278.05   278.05
25.000   180.56   180.56   180.56   180.20   180.20   202.18   202.18   235.97   235.97   271.14   271.14   271.21   271.20   271.21
30.000   180.56   180.55   180.55   180.16   180.16   231.40   231.40   252.99   252.99   265.06   265.06   265.09   265.09   265.09
35.000   180.56   180.56   180.56   190.07   190.07   244.07   244.07   252.10   252.09   259.39   259.39   259.35   259.35   259.35
40.000   180.56   180.56   180.56   213.38   213.38   244.48   244.48   248.78   248.78   256.02   256.02   255.92   255.92   255.91
45.000   180.56   180.55   180.55   228.10   228.10   242.64   242.64   246.30   246.30   252.89   252.89   252.92   252.92   252.93
50.000   180.56   181.08   181.08   231.49   231.49   240.70   240.70   243.93   243.93   247.82   247.82   247.71   247.72   247.71
55.000   180.56   183.93   183.93   230.74   230.74   238.62   238.62   241.29   241.29   240.66   240.66   240.65   240.65   240.65
60.000   180.56   183.68   183.68   229.62   229.62   236.38   236.38   238.23   238.23   244.98   244.98   245.31   245.30   245.35
65.000   180.56   182.35   182.35   228.07   228.07   233.72   233.72   235.50   235.50   249.57   249.57   249.74   249.74   249.77
70.000   180.56   181.44   181.44   220.61   220.61   231.55   231.55   233.43   233.43   248.88   248.88   248.95   248.95   248.95
75.000   180.56   181.21   181.21   208.97   208.97   229.02   229.02   229.81   229.81   218.74   218.74   218.18   218.18   218.11
80.000   180.56   181.14   181.14   200.36   200.36   219.74   219.74   227.76   227.77   212.14   212.14   212.15   212.15   212.15
85.000   180.56   181.07   181.07   196.45   196.45   211.57   211.56   224.69   224.69   213.13   213.13   213.12   213.12   213.12
90.000   180.56   181.00   181.00   193.66   193.66   208.94   208.94   219.17   219.16   213.65   213.65   213.67   213.66   213.67
95.000   180.56   180.92   180.92   192.16   192.16   207.93   207.93   202.28   202.28   214.00   214.00   214.08   214.08   214.09
100.00   180.56   180.93   180.93   193.86   193.86   195.12   195.12   191.18   191.18   213.01   213.01   213.18   213.18   213.20
105.00   180.56   180.85   180.85   195.57   195.57   188.80   188.80   191.00   191.00   210.12   210.12   210.30   210.30   210.33
110.00   180.56   180.71   180.71   190.89   190.89   188.02   188.02   190.69   190.69   207.29   207.29   207.48   207.48   207.50
115.00   180.56   181.11   181.11   183.48   183.48   187.77   187.77   190.42   190.42   204.51   204.51   204.59   204.59   204.59
120.00   180.56   181.31   181.32   182.39   182.39   187.85   187.85   190.93   190.93   203.20   203.20   203.20   203.20   203.21
125.00   180.56   180.96   180.96   182.82   182.82   188.58   188.58   191.78   191.79   202.35   202.35   202.35   202.35   202.35
130.00   180.56   179.54   179.54   183.11   183.11   189.33   189.33   192.39   192.39   197.68   197.68   197.64   197.64   197.64
135.00   180.56   180.30   180.30   182.48   182.48   190.30   190.30   192.82   192.82   194.12   194.12   194.05   194.05   194.04
140.00   180.56   180.71   180.71   182.01   182.01   190.53   190.53   192.59   192.59   191.09   191.09   191.08   191.08   191.07
145.00   180.56   180.76   180.76   184.20   184.20   189.03   189.03   191.84   191.84   189.02   189.02   189.12   189.12   189.15
150.00   180.56   180.79   180.79   187.90   187.90   187.74   187.73   189.19   189.19   190.55   190.55   190.50   190.50   190.49
155.00   180.56   180.86   180.86   188.54   188.54   187.81   187.81   186.08   186.08   188.89   188.89   188.93   188.93   188.94
160.00   180.56   180.84   180.84   188.24   188.24   188.41   188.41   186.28   186.27   188.20   188.20   188.30   188.31   188.32
165.00   180.56   180.84   180.84   187.46   187.46   187.05   187.05   186.40   186.40   189.34   189.34   189.33   189.33   189.34
170.00   180.56   180.79   180.79   185.73   185.73   185.64   185.63   186.77   186.77   187.40   187.40   188.07   188.07   188.12
175.00   180.56   180.71   180.71   183.91   183.91   185.55   185.55   186.36   186.36   202.41   177.41   177.77   177.77   177.80
180.00   180.56   180.70   180.70   182.19   182.19   184.76   184.76   185.44   185.44   214.07   164.07   164.50   164.50   164.54
185.00   180.56   183.10   183.10   181.58   181.58   183.89   183.90   185.73   185.73   225.04   150.04   150.24   150.25   150.25
190.00   155.56   158.09   158.09   181.41   181.41   184.08   184.08   185.51   185.51   227.66   127.66   127.20   127.20   127.16
195.00   130.56   133.31   133.31   180.89   180.89   184.21   184.21   191.10   191.10   207.81   107.81   107.20   107.20   107.13
200.00   105.56   108.69   108.69   181.59   181.59   189.82   189.82   197.96   197.96   177.92   77.922   76.742   76.738   76.598
205.00   80.561   84.027   84.027   166.88   166.88   195.64   195.64   203.97   203.98   122.93   22.930   22.723   22.723   22.820
210.00   55.561   59.150   59.148   151.76   151.76   200.83   200.83   207.92   207.92   99.840   .0000   .0000   .0000   .0000
215.00   30.561   34.400   34.400   138.17   138.17   190.07   190.07   199.66   199.66   100.26   .0000   .0000   .0000   .0000
220.00   5.5614   7.9316   7.9316   123.46   123.46   168.87   168.87   170.38   170.38   100.25   .0000   .0000   .0000   .0000
225.00   .0000   1.5332   1.5332   106.87   106.87   137.36   137.36   118.88   118.88   100.24   .0000   .0000   .0000   .0000
230.00   .0000   2.0840   2.0840   84.715   84.715   85.020   85.020   77.410   77.410   100.09   .0000   .0000   .0000   .0000
235.00   .0000   2.1602   2.1602   53.461   53.461   46.609   46.609   58.219   58.219   99.523   .0000   .0000   .0000   .0000
240.00   .0000   2.1250   2.1250   8.9297   8.9297   22.883   22.883   38.969   38.965   99.301   -.69922   .0000   .0000   .0000
245.00   .0000   1.2871   1.2871   -23.441   -23.441   -1.1719   -1.1719   17.316   17.316   99.215   -.78516   .0000   .0000   .0000
250.00   .0000   -.66211   -.66211   -35.887   -35.887   -22.039   -22.035   -5.4414   -5.4453   99.281   -.71875   .0000   .0000   .0000
255.00   .0000   -5.4199   -5.4199   -45.430   -45.430   -28.676   -28.676   -14.566   -14.566   99.125   -.87500   .0000   .0000   .0000
260.00   .0000   -6.4395   -6.4395   -53.855   -53.855   -27.273   -27.273   -10.727   -10.727   98.953   -1.0469   .0000   .0000   .0000
265.00   .0000   -1.1758   -1.1758   -56.781   -56.781   -23.062   -23.062   -3.7656   -3.7656   98.805   -1.1953   .0000   .0000   .0000
270.00   .0000   .0000   .0000   -48.090   -48.090   -16.879   -16.875   1.9375   1.9375   98.898   -1.1016   .0000   .0000   .0000
