Ê±¼ä(·ÖÖÓ)\×®ºÅ£¨km£©   14.620   15.051   15.121   22.283   22.283   26.800   26.830   28.385   28.415   36.354   36.354   36.404   36.434   36.444
.0000   146.08   146.04   146.08   145.93   145.93   145.85   145.85   145.83   145.81   145.46   145.46   145.39   145.35   145.32
5.0000   146.08   146.04   146.08   145.93   145.93   145.85   145.85   145.83   145.81   145.18   145.18   145.19   145.05   145.05
10.000   146.08   146.04   146.08   145.93   145.93   145.85   145.85   145.83   145.81   145.12   145.12   145.12   144.98   144.98
15.000   146.08   146.04   146.08   145.93   145.93   145.85   145.85   145.83   145.82   145.10   145.10   145.10   144.97   144.97
20.000   146.08   146.04   146.08   145.93   145.93   145.85   145.85   145.79   145.77   145.09   145.09   145.09   144.97   144.97
25.000   146.08   146.04   146.08   145.93   145.93   145.78   145.78   145.68   145.65   145.08   145.08   145.08   144.96   144.96
30.000   146.08   146.04   146.08   145.93   145.93   145.68   145.68   145.60   145.57   145.07   145.07   145.07   144.96   144.96
35.000   146.08   146.04   146.08   145.90   145.90   145.62   145.62   145.57   145.54   145.07   145.07   145.07   144.97   144.96
40.000   146.08   146.04   146.08   145.83   145.83   145.59   145.60   145.56   145.53   145.08   145.08   145.08   144.98   144.98
45.000   146.08   146.04   146.08   145.76   145.76   145.58   145.59   145.54   145.51   145.09   145.09   145.09   144.99   144.99
50.000   146.08   146.04   146.08   145.74   145.74   145.57   145.58   145.53   145.50   145.09   145.09   145.09   144.99   144.99
55.000   146.03   145.98   146.02   145.72   145.72   145.56   145.57   145.53   145.50   145.10   145.10   145.10   145.01   145.01
60.000   145.94   145.89   145.93   145.71   145.71   145.55   145.56   145.52   145.49   145.07   145.07   145.07   144.98   144.98
65.000   145.87   145.82   145.86   145.70   145.70   145.55   145.55   145.51   145.49   145.04   145.04   145.04   144.94   144.94
70.000   145.84   145.79   145.83   145.68   145.68   145.54   145.55   145.51   145.48   145.03   145.03   145.03   144.93   144.93
75.000   145.82   145.77   145.81   145.64   145.64   145.53   145.54   145.51   145.48   145.14   145.14   145.14   145.07   145.07
80.000   145.80   145.75   145.80   145.61   145.61   145.52   145.53   145.49   145.47   145.17   145.17   145.16   145.10   145.10
85.000   145.79   145.74   145.78   145.59   145.59   145.49   145.49   145.46   145.43   145.16   145.16   145.16   145.10   145.10
90.000   145.78   145.72   145.77   145.58   145.58   145.45   145.46   145.42   145.39   145.16   145.16   145.16   145.09   145.09
95.000   145.77   145.71   145.76   145.57   145.57   145.42   145.43   145.43   145.40   145.16   145.16   145.16   145.09   145.09
100.00   145.76   145.70   145.75   145.55   145.55   145.45   145.45   145.44   145.42   145.14   145.14   145.14   145.07   145.07
105.00   145.75   145.69   145.74   145.53   145.53   145.46   145.46   145.43   145.41   145.12   145.12   145.12   145.05   145.05
110.00   145.74   145.69   145.74   145.54   145.54   145.45   145.45   145.42   145.41   145.10   145.10   145.10   145.03   145.03
115.00   145.74   145.68   145.73   145.55   145.55   145.44   145.45   145.42   145.40   145.08   145.08   145.08   145.02   145.02
120.00   145.72   145.66   145.71   145.55   145.55   145.43   145.44   145.41   145.39   145.07   145.07   145.07   145.01   145.01
125.00   145.70   145.65   145.69   145.54   145.54   145.42   145.43   145.39   145.38   145.07   145.07   145.07   145.00   145.00
130.00   145.71   145.66   145.70   145.54   145.54   145.41   145.42   145.38   145.36   145.07   145.07   145.07   145.01   145.01
135.00   145.73   145.68   145.72   145.53   145.53   145.40   145.41   145.38   145.36   145.08   145.08   145.08   145.02   145.02
140.00   145.73   145.67   145.72   145.51   145.51   145.40   145.40   145.37   145.35   145.09   145.09   145.08   145.03   145.03
145.00   145.72   145.67   145.72   145.51   145.51   145.39   145.39   145.36   145.34   145.09   145.09   145.09   145.03   145.03
150.00   145.72   145.66   145.71   145.51   145.51   145.38   145.38   145.36   145.34   145.08   145.08   145.08   145.02   145.02
155.00   145.71   145.66   145.70   145.51   145.51   145.38   145.38   145.36   145.34   145.08   145.08   145.08   145.03   145.03
160.00   145.70   145.65   145.69   145.50   145.50   145.39   145.39   145.36   145.34   145.08   145.08   145.08   145.03   145.02
165.00   145.70   145.64   145.69   145.50   145.50   145.39   145.40   145.37   145.35   145.07   145.07   145.07   145.01   145.01
170.00   145.69   145.63   145.68   145.50   145.50   145.39   145.40   145.37   145.35   145.07   145.07   145.07   145.01   145.01
175.00   145.68   145.63   145.68   145.50   145.50   145.39   145.39   145.36   145.34   145.01   145.01   145.01   144.96   144.96
180.00   145.68   145.62   145.67   145.50   145.50   145.38   145.39   145.36   145.34   144.96   144.96   144.96   144.92   144.91
185.00   145.68   145.63   145.68   145.49   145.49   145.38   145.39   145.36   145.34   144.90   144.90   144.90   144.86   144.86
190.00   145.59   145.57   145.61   145.49   145.49   145.38   145.38   145.35   145.33   144.87   144.87   144.87   144.84   144.84
195.00   145.51   145.50   145.53   145.49   145.49   145.37   145.38   145.33   145.31   144.93   144.93   144.93   144.91   144.91
200.00   145.43   145.43   145.45   145.48   145.48   145.35   145.35   145.30   145.28   145.03   145.03   145.04   145.03   145.03
205.00   145.33   145.35   145.36   145.44   145.44   145.32   145.33   145.28   145.25   145.24   145.24   145.24   145.24   145.24
210.00   145.24   145.26   145.26   145.37   145.37   145.29   145.30   145.25   145.23   145.34   145.34   145.34   145.34   145.34
215.00   145.13   145.16   145.16   145.29   145.29   145.24   145.25   145.25   145.22   145.37   145.37   145.37   145.37   145.37
220.00   145.02   145.05   145.05   145.20   145.20   145.21   145.21   145.24   145.23   145.40   145.40   145.40   145.40   145.40
225.00   144.99   145.00   145.00   145.11   145.11   145.21   145.21   145.30   145.29   145.42   145.42   145.42   145.42   145.42
230.00   144.95   144.95   144.95   145.03   145.03   145.26   145.27   145.33   145.33   145.45   145.45   145.45   145.45   145.45
235.00   144.89   144.89   144.89   144.97   144.97   145.27   145.27   145.31   145.31   145.42   145.42   145.42   145.42   145.42
240.00   144.83   144.83   144.83   145.00   145.00   145.22   145.23   145.26   145.26   145.36   145.36   145.36   145.36   145.36
245.00   144.79   144.79   144.79   145.05   145.05   145.17   145.17   145.21   145.21   145.27   145.27   145.27   145.27   145.27
250.00   144.78   144.78   144.78   145.04   145.04   145.11   145.11   145.14   145.14   145.19   145.19   145.19   145.19   145.19
255.00   144.84   144.85   144.85   145.02   145.02   145.08   145.08   145.08   145.08   145.10   145.10   145.10   145.10   145.10
260.00   145.05   145.04   145.04   145.00   145.00   145.03   145.03   145.02   145.02   145.00   145.00   145.00   145.00   145.00
265.00   145.13   145.13   145.13   144.98   144.98   144.97   144.97   144.96   144.96   144.87   144.87   144.87   144.87   144.87
270.00   145.15   145.15   145.15   144.96   144.96   144.91   144.91   144.90   144.90   144.74   144.74   144.74   144.74   144.74
