 时间(min) 下节制闸开度(mm)  下节制闸Q  退水闸Q(m3/s) 总出流Q   上节制闸Q  
0   6000   263.06   .0000   263.06   180.56
5   6000   292.92   .0000   292.92   180.56
10   6000   295.58   .0000   295.58   180.56
15   6000   286.24   .0000   286.24   180.56
20   6000   278.05   .0000   278.05   180.56
25   5837   271.21   .0000   271.21   180.56
30   5837   265.09   .0000   265.09   180.56
35   5837   259.35   .0000   259.35   180.56
40   5837   255.91   .0000   255.91   180.56
45   5837   252.93   .0000   252.93   180.56
50   5772   247.71   .0000   247.71   180.56
55   5772   240.65   .0000   240.65   180.56
60   5772   245.35   .0000   245.35   180.56
65   5772   249.77   .0000   249.77   180.56
70   5772   248.95   .0000   248.95   180.56
75   5485   218.11   .0000   218.11   180.56
80   5485   212.15   .0000   212.15   180.56
85   5485   213.12   .0000   213.12   180.56
90   5485   213.67   .0000   213.67   180.56
95   5485   214.09   .0000   214.09   180.56
100   5530   213.20   .0000   213.20   180.56
105   5530   210.33   .0000   210.33   180.56
110   5530   207.50   .0000   207.50   180.56
115   5530   204.59   .0000   204.59   180.56
120   5530   203.21   .0000   203.21   180.56
125   5373   202.35   .0000   202.35   180.56
130   5076   197.64   .0000   197.64   180.56
135   5031   194.04   .0000   194.04   180.56
140   4792   191.07   .0000   191.07   180.56
145   4652   189.15   .0000   189.15   180.56
150   4820   190.49   .0000   190.49   180.56
155   4647   188.94   .0000   188.94   180.56
160   4647   188.32   .0000   188.32   180.56
165   4840   189.34   .0000   189.34   180.56
170   4766   188.12   .0000   188.12   180.56
175   4715   177.80   25.000   202.80   180.56
180   4486   164.54   50.000   214.54   180.56
185   4297   150.25   75.000   225.25   180.56
190   3297   127.16   100.00   227.16   155.56
195   2297   107.13   100.00   207.13   130.56
200   1297   76.598   100.00   176.60   105.56
205   297   22.820   100.00   122.82   80.561
210   0   .0000   100.00   100.00   55.561
215   0   .0000   100.00   100.00   30.561
220   0   .0000   100.00   100.00   5.5614
225   0   .0000   100.00   100.00   .0000
230   0   .0000   100.00   100.00   .0000
235   0   .0000   100.00   100.00   .0000
240   0   .0000   100.00   100.00   .0000
245   0   .0000   100.00   100.00   .0000
250   0   .0000   100.00   100.00   .0000
255   0   .0000   100.00   100.00   .0000
260   0   .0000   100.00   100.00   .0000
265   0   .0000   100.00   100.00   .0000
270   0   .0000   100.00   100.00   .0000
