"闸门调控序列																																																										"
湍河
3330
3330
3330
3330
3330
3330
3330
3330
3330
3330
3330
3380
3380
3380
3380
3380
3380
3380
3380
3380
3380
3380
3380
3380
3380
3330
3330
3330
3330
3330
3330
3330
3330
3330
3330
3330
3380
3380
3380
3380
3380
3380
3380
3380
3380
3380
3380
3380
3380
3380
3330
3330
3330
3330
3330
3330
3330
3330
3330
3330
3330
3380
3380
3380
3380
3380
3380
3380
3380
3380
3380
3380
3380
3380
3380
3330
3330
3330
3330
3330
3330
3330
3330
3330
3330
3330
3380
3380
3380
3380
3380
3380
3380
3380
3380
3380
3380
3380
3380
3380
