 新增分水口的输出COM文件
 ==============================================================
 元件总数
          27
 各类型个数
渠道    渐变段    倒虹吸    节制闸    分水口    桥梁    泵站
14    8    0    1    4    0    0
 ==============================================================
整体编号    类型代码    局部编号
1    5    1
2    7    1
3    5    2
4    4    1
5    5    3
6    7    2
7    5    4
8    7    3
9    5    5
10    4    2
11    5    6
12    7    4
13    5    7
14    6    1
15    5    8
16    7    5
17    5    9
18    7    6
19    5    10
20    4    3
21    5    11
22    7    7
23    5    12
24    4    4
25    5    13
26    7    8
27    5    14
 ==============================================================
渠道局部编号    渠道名称    进口里程    出口里程    底宽    边坡系数    进口底高程    出口底高程    进口顶高程    出口顶高程    糙率    断面形状
1    CH9-刁河渡槽    14.62000    15.05100    26.00000    .000000    140.7000    140.6400    153.7000    153.6400    .1914526E-01    0
2    CH10-刁河渡槽出口渐变段-望城岗分水口    15.12100    22.28300    19.00000    2.000000    138.4910    138.2050    147.9760    147.6830    .1914526E-01    0
3    CH11-望城岗分水口-渠道渐变段起点    22.28300    26.80000    19.00000    2.000000    138.2050    138.0230    147.6830    147.1100    .1914526E-01    0
4    CH12-渠道渐变段终点-渠道渐变段起点    26.83000    28.38500    19.00000    2.750000    138.0230    137.9600    147.6830    147.1100    .1914526E-01    0
5    CH13-渠道渐变段终点-湍河退水闸    28.41500    36.35400    15.00000    2.000000    137.9600    137.6420    147.6830    147.1100    .1914526E-01    0
6    CH14-湍河退水闸-湍河渡槽进口渐变段    36.35400    36.40400    19.00000    2.000000    137.6420    137.6030    147.1100    147.1100    .1914526E-01    0
7    CH15-湍河渡槽进口渐变段-湍河渡槽进口节制闸    36.43400    36.44400    27.00000    .000000    139.2500    139.2500    148.2500    148.2500    .1914526E-01    0
8    CH16-湍河渡槽    36.44400    37.24400    27.00000    .000000    139.2500    139.0000    147.2500    147.0000    .1567319E-01    0
9    CH17-湍河渡槽出口渐变段-渠道渐变段起点    37.29900    40.90000    23.00000    3.250000    137.7000    137.5500    146.6240    146.4800    .1567319E-01    0
10    CH18-渠道渐变段终点-彭家分水口    40.95000    44.50500    23.00000    3.250000    137.5500    137.4070    146.4930    146.3790    .1567319E-01    0
11    CH19-彭家分水口-渠道渐变段起点    44.50500    47.00000    15.50000    3.250000    137.4070    137.3060    146.3790    146.2640    .1567319E-01    0
12    CH20-渠道渐变段终点-严陵河退水闸    47.05000    48.69500    15.50000    2.000000    137.3060    137.2440    146.3790    146.2640    .1567319E-01    0
13    CH21-严陵河退水闸-严陵河渡槽进口渐变段    48.69500    48.74100    22.00000    2.000000    137.2440    137.2110    146.2460    146.1820    .1567319E-01    0
14    CH22-严陵河渡槽进口渐变段-严陵河渡槽进口节制闸    48.77100    48.78100    26.00000    .000000    138.5300    138.5300    147.5300    147.5300    .1567319E-01    0
渐变段参数数组    名称    进口里程    出口里程    沿程损失系数    局部损失系数    边坡
1    JBD6-刁河渡槽出口渐变段    15.05100    15.12100    .4000000    .000000    1.000000
2    JBD7-渠道渐变段    26.80000    26.83000    .1000000    .000000    1.000000
3    JBD8-渠道渐变段    28.38500    28.41500    .1000000    .000000    1.000000
4    JBD9-湍河渡槽进口渐变段    36.40400    36.43400    .1500000    .000000    1.000000
5    JBD10-湍河渡槽出口渐变段    37.24400    37.29900    .4000000    .000000    1.000000
6    JBD11-渠道渐变段    40.90000    40.95000    .1000000    .000000    1.000000
7    JBD12-渠道渐变段    47.00000    47.05000    .1000000    .000000    1.000000
8    JBD13-严陵河渡槽进口渐变段    48.74100    48.77100    .1000000    .000000    1.000000
节制闸参数数组    名称    进口里程    出口里程    孔数    宽度    底高程    实际开了几孔    系数M    长度
1    JZZ3-湍河渡槽进口节制闸    36.44400    36.44400    3    9.000000    139.2500    2    .9965512    20.00000
分水口参数数组    名称    进口里程    出口里程
1    F2-望城岗分水口    22.28300    22.28300
2    T2-湍河退水闸    36.35400    36.35400
3    F3-彭家分水口    44.50500    44.50500
4    T3-严陵河退水闸    48.69500    48.69500
