   0.00    76.602        76.493    75.085    76.530        74.885    74.066    59.497        73.818    72.777    58.958        72.528    71.571    58.705        71.309    70.630    56.216        70.477    69.721    56.151        69.400    68.694    52.853        68.577    66.940    52.634        65.921    65.323    52.252        65.202    64.219    25.631        64.069    63.238    25.761        62.858    62.245    25.619        61.991    60.809    25.239        60.166
   1.00    76.850        76.491    75.071    76.850        74.860    74.082    62.562        73.792    72.796    63.331        72.501    71.588    62.704        71.325    70.622    57.187        70.449    69.742    59.475        69.400    68.687    53.114        68.554    66.984    56.251        65.895    65.347    55.061        65.230    64.220    25.969        64.069    63.229    25.895        62.824    62.246    27.941        61.989    60.845    27.939        60.200
   2.00    77.837        76.490    75.033    77.837        74.807    74.085    64.723        73.767    72.809    67.455        72.483    71.617    66.287        71.335    70.595    58.687        70.406    69.763    61.494        69.406    68.663    54.203        68.516    67.037    59.134        65.867    65.379    56.030        65.259    64.222    26.318        64.069    63.218    26.066        62.777    62.258    29.155        61.968    60.898    30.015        60.208
   3.00    78.751        76.489    74.998    78.751        74.773    74.067    64.031        73.739    72.825    70.185        72.502    71.632    66.421        71.353    70.577    60.119        70.392    69.766    60.652        69.415    68.636    55.527        68.491    67.050    58.385        65.870    65.382    56.052        65.242    64.279    32.605        64.084    63.202    26.539        62.705    62.269    30.917        61.947    60.952    31.341        60.231
   4.00    79.318        76.489    74.976    79.316        74.749    74.045    63.965        73.700    72.853    71.732        72.529    71.648    66.853        71.368    70.576    60.702        70.392    69.770    60.469        69.418    68.620    56.193        68.475    67.052    57.998        65.863    65.342    57.895        65.181    64.354    36.915        64.147    63.186    27.694        62.640    62.272    31.609        61.929    61.004    32.557        60.267
   5.00    79.990        76.488    74.949    79.990        74.704    74.029    66.218        73.676    72.865    70.209        72.518    71.682    70.618        71.369    70.590    63.530        70.390    69.787    62.446        69.398    68.615    59.840        68.422    67.120    64.233        65.820    65.301    61.259        65.121    64.438    38.863        64.226    63.175    28.970        62.609    62.257    30.949        61.925    61.029    32.026        60.311
   6.00    80.945        76.487    74.911    80.956        74.652    74.021    67.601        73.659    72.855    69.919        72.483    71.709    73.339        71.380    70.610    66.440        70.396    69.803    64.798        69.370    68.592    63.836        68.367    67.202    69.070        65.776    65.270    63.502        65.075    64.523    39.859        64.308    63.173    30.101        62.591    62.245    30.668        61.916    61.043    31.629        60.359
   7.00    88.949        76.478    74.911    88.951        74.616    74.028    70.932        73.624    72.851    73.081        72.476    71.717    72.603        71.386    70.641    69.088        70.422    69.804    66.104        69.306    68.588    71.756        68.321    67.279    73.168        65.769    65.252    64.141        65.065    64.578    37.447        64.381    63.179    30.975        62.582    62.237    30.631        61.910    61.055    31.278        60.402
   8.00    95.664        76.469    74.944    95.664        74.617    74.045    75.737        73.597    72.865    75.715        72.484    71.722    72.777        71.380    70.677    70.795        70.451    69.798    67.990        69.228    68.594    77.252        68.299    67.355    77.138        65.793    65.264    64.909        65.079    64.623    36.260        64.426    63.186    31.471        62.580    62.232    30.725        61.906    61.068    30.976        60.443
   9.00   100.466        76.463    74.986   100.466        74.630    74.067    80.317        73.587    72.887    77.288        72.502    71.723    73.522        71.382    70.687    70.445        70.441    69.791    71.527        69.187    68.577    75.785        68.281    67.417    79.293        65.840    65.289    66.195        65.098    64.671    37.502        64.467    63.194    31.880        62.570    62.238    31.350        61.907    61.082    30.747        60.481
  10.00   104.860        76.457    75.029   104.856        74.645    74.096    84.546        73.588    72.914    79.060        72.525    71.730    74.314        71.380    70.668    71.254        70.406    69.783    73.659        69.157    68.552    75.427        68.240    67.463    80.412        65.897    65.318    67.909        65.122    64.722    38.697        64.517    63.203    32.383        62.562    62.247    31.723        61.917    61.098    30.630        60.516
  11.00   104.015        76.458    75.053   104.015        74.674    74.115    85.349        73.613    72.936    79.227        72.528    71.746    77.004        71.379    70.649    72.173        70.386    69.768    73.381        69.115    68.531    77.511        68.196    67.502    81.355        65.941    65.361    70.896        65.155    64.775    40.662        64.514    63.263    37.265        62.568    62.253    31.695        61.902    61.147    32.636        60.550
  12.00   103.468        76.459    75.068   103.476        74.691    74.131    85.406        73.634    72.947    79.853        72.522    71.763    79.109        71.388    70.641    73.030        70.374    69.752    73.585        69.068    68.511    78.960        68.160    67.538    82.255        65.978    65.403    73.142        65.187    64.810    43.565        64.508    63.341    40.957        62.593    62.256    32.784        61.875    61.204    33.932        60.590
  13.00   109.898        76.449    75.122   109.900        74.732    74.153    86.784        73.652    72.952    80.533        72.531    71.773    79.024        71.401    70.638    73.823        70.366    69.735    74.106        69.033    68.486    78.212        68.147    67.548    80.699        66.012    65.432    74.870        65.208    64.844    46.440        64.514    63.415    43.065        62.635    62.264    34.375        61.852    61.254    34.760        60.632
  14.00   114.323        76.443    75.205   114.322        74.804    74.186    89.674        73.673    72.963    81.162        72.541    71.783    79.079        71.410    70.635    74.371        70.360    69.719    74.662        69.005    68.469    77.404        68.131    67.548    79.610        66.036    65.452    76.417        65.220    64.880    48.606        64.528    63.487    44.888        62.684    62.279    35.959        61.838    61.303    35.578        60.673
  15.00   115.501        76.441    75.283   115.501        74.876    74.223    92.187        73.673    72.998    86.206        72.537    71.805    81.781        71.418    70.626    75.154        70.332    69.720    76.886        68.957    68.464    79.293        68.093    67.573    81.842        66.047    65.471    77.386        65.242    64.901    48.698        64.518    63.571    47.812        62.721    62.309    38.226        61.839    61.346    36.153        60.713
  16.00   116.690        76.439    75.349   116.690        74.935    74.252    94.310        73.665    73.037    90.784        72.549    71.835    84.895        71.431    70.609    76.609        70.299    69.722    78.471        68.909    68.453    81.043        68.062    67.602    83.413        66.059    65.493    78.032        65.263    64.909    49.553        64.503    63.646    49.500        62.766    62.348    40.244        61.854    61.392    37.060        60.750
  17.00   117.388        76.437    75.403   117.389        74.981    74.271    96.176        73.665    73.071    92.869        72.552    71.873    88.788        71.454    70.599    78.094        70.286    69.711    78.429        68.858    68.449    83.010        68.060    67.610    82.492        66.074    65.509    79.112        65.268    64.927    52.063        64.506    63.704    49.931        62.830    62.386    41.477        61.865    61.453    38.983        60.785
  18.00   118.306        76.436    75.447   118.303        75.020    74.287    97.692        73.662    73.098    95.142        72.551    71.915    91.938        71.488    70.603    79.505        70.284    69.699    79.066        68.811    68.454    83.483        68.066    67.617    82.464        66.081    65.515    80.283        65.267    64.952    53.562        64.522    63.756    50.554        62.889    62.418    42.672        61.875    61.516    40.470        60.824
  19.00   117.715        76.437    75.457   117.715        74.994    74.318   102.200        73.648    73.125    98.210        72.554    71.959    94.355        71.492    70.643    86.348        70.291    69.707    82.529        68.764    68.459    83.813        68.051    67.643    84.758        66.085    65.522    80.845        65.277    64.969    53.004        64.553    63.797    50.255        62.943    62.449    43.740        61.908    61.552    40.253        60.866
  20.00   118.902        76.435    75.435   118.906        74.946    74.343   104.858        73.640    73.156   101.472        72.554    71.991    97.361        71.487    70.701    91.711        70.324    69.732    86.750        68.723    68.454    84.632        68.032    67.669    86.043        66.095    65.538    81.245        65.295    64.989    52.788        64.580    63.830    50.037        62.993    62.482    44.436        61.947    61.586    40.588        60.905
  21.00   123.739        76.427    75.425   123.742        74.908    74.364   107.209        73.655    73.170   101.571        72.545    72.016   100.452        71.512    70.730    91.430        70.335    69.765    90.574        68.696    68.451    85.604        68.031    67.675    85.225        66.108    65.562    82.207        65.319    65.010    53.108        64.583    63.872    51.327        63.037    62.515    44.953        61.967    61.640    42.420        60.938
  22.00   127.545        76.420    75.431   127.546        74.888    74.392   109.963        73.672    73.177   102.589        72.532    72.046   102.307        71.537    70.737    92.584        70.322    69.791    92.886        68.685    68.459    86.767        68.037    67.681    85.220        66.118    65.589    82.986        65.346    65.027    53.934        64.590    63.914    52.122        63.082    62.542    45.712        61.980    61.693    43.632        60.972
  23.00   129.871        76.416    75.444   129.871        74.890    74.419   111.502        73.692    73.182   104.167        72.510    72.079   104.330        71.535    70.770    97.979        70.346    69.806    93.727        68.693    68.465    87.050        68.029    67.704    87.163        66.125    65.612    83.422        65.371    65.044    54.585        64.606    63.950    52.285        63.102    62.577    47.492        61.994    61.742    44.666        61.009
  24.00   131.756        76.412    75.462   131.754        74.896    74.447   113.199        73.711    73.184   105.843        72.484    72.100   106.464        71.533    70.828   101.506        70.397    69.831    95.967        68.700    68.467    87.923        68.019    67.726    88.301        66.133    65.636    84.090        65.396    65.064    55.043        64.623    63.980    52.598        63.118    62.611    48.701        62.013    61.791    45.792        61.046
  25.00   131.444        76.413    75.467   131.443        74.888    74.475   114.788        73.730    73.186   107.592        72.463    72.115   108.066        71.529    70.893   104.150        70.456    69.861    98.322        68.696    68.475    90.125        68.013    67.746    89.189        66.152    65.653    84.288        65.410    65.094    56.677        64.649    64.003    52.726        63.135    62.640    49.507        62.034    61.839    46.835        61.083
  26.00   131.786        76.412    75.462   131.785        74.874    74.497   115.606        73.749    73.188   109.264        72.442    72.127   109.636        71.523    70.957   106.086        70.515    69.893   100.547        68.695    68.487    91.965        68.014    67.769    90.390        66.171    65.664    84.980        65.418    65.127    57.456        64.680    64.024    53.155        63.148    62.667    50.208        62.054    61.885    47.710        61.121
  27.00   132.342        76.411    75.452   132.342        74.855    74.518   116.397        73.724    73.215   115.316        72.435    72.137   111.226        71.518    71.008   107.775        70.545    69.935   104.180        68.710    68.499    92.765        68.031    67.784    90.504        66.182    65.687    86.556        65.442    65.154    57.111        64.710    64.043    53.568        63.170    62.687    50.357        62.086    61.917    47.667        61.157
  28.00   133.005        76.410    75.441   133.009        74.831    74.527   117.414        73.692    73.249   119.316        72.442    72.154   113.966        71.509    71.045   109.878        70.565    69.976   107.031        68.735    68.518    94.048        68.048    67.799    91.007        66.191    65.719    87.587        65.476    65.184    57.619        64.737    64.062    53.889        63.195    62.708    50.569        62.116    61.946    47.864        61.190
  29.00   137.005        76.402    75.448   137.008        74.819    74.529   118.939        73.694    73.262   117.925        72.437    72.173   116.829        71.498    71.080   112.816        70.580    70.020   109.968        68.757    68.547    96.511        68.072    67.817    92.057        66.202    65.747    88.097        65.502    65.222    59.379        64.760    64.087    54.855        63.212    62.733    51.174        62.145    61.973    48.154        61.216
  30.00   139.925        76.396    75.467   139.926        74.820    74.540   121.106        73.697    73.265   117.912        72.421    72.185   118.350        71.488    71.113   115.420        70.595    70.065   112.772        68.783    68.580    98.711        68.104    67.841    93.523        66.211    65.768    89.009        65.521    65.260    60.502        64.788    64.115    55.836        63.231    62.760    51.791        62.176    62.001    48.591        61.239
  31.00   142.733        76.391    75.492   142.734        74.822    74.561   123.685        73.682    73.276   120.972        72.408    72.192   119.579        71.498    71.128   114.750        70.606    70.099   114.010        68.814    68.618   100.919        68.133    67.874    95.840        66.212    65.799    90.641        65.553    65.292    60.521        64.823    64.140    56.228        63.261    62.785    52.067        62.207    62.028    49.096        61.257
  32.00   145.177        76.386    75.517   145.176        74.825    74.581   126.198        73.670    73.292   123.556        72.404    72.206   121.006        71.507    71.134   115.173        70.606    70.127   114.823        68.843    68.654   103.042        68.163    67.911    97.986        66.216    65.839    91.997        65.595    65.327    61.233        64.856    64.165    56.581        63.292    62.810    52.418        62.235    62.053    49.586        61.272
  33.00   144.391        76.387    75.528   144.391        74.837    74.591   126.742        73.653    73.317   126.467        72.421    72.220   121.871        71.516    71.135   116.366        70.586    70.161   117.013        68.873    68.687   104.501        68.201    67.942    99.272        66.228    65.875    93.343        65.622    65.382    64.234        64.896    64.191    57.168        63.314    62.836    53.145        62.248    62.089    51.039        61.294
  34.00   144.095        76.388    75.532   144.097        74.840    74.593   127.016        73.637    73.344   128.037        72.441    72.236   123.233        71.521    71.131   117.821        70.563    70.192   118.568        68.905    68.722   106.010        68.237    67.971   100.641        66.236    65.903    95.139        65.647    65.440    65.854        64.949    64.220    58.110        63.332    62.858    53.935        62.260    62.123    51.986        61.323
  35.00   145.521        76.385    75.533   145.521        74.817    74.599   128.991        73.615    73.372   129.471        72.450    72.255   125.319        71.530    71.133   118.788        70.574    70.207   117.836        68.942    68.755   107.166        68.273    68.000   102.039        66.261    65.927    95.241        65.678    65.492    65.828        64.990    64.255    59.662        63.344    62.883    55.068        62.285    62.148    52.046        61.358
  36.00   147.141        76.381    75.531   147.141        74.796    74.606   130.539        73.597    73.396   130.753        72.459    72.275   127.038        71.547    71.146   119.421        70.589    70.222   117.924        68.975    68.785   107.973        68.308    68.027   103.326        66.293    65.956    95.822        65.708    65.537    66.360        65.024    64.289    60.873        63.359    62.915    56.202        62.315    62.176    52.520        61.395
  37.00   149.185        76.377    75.538   149.185        74.799    74.607   131.078        73.603    73.405   129.726        72.465    72.296   128.185        71.569    71.164   120.102        70.607    70.237   118.295        68.997    68.816   109.290        68.341    68.054   104.449        66.330    65.988    96.497        65.744    65.573    66.389        65.051    64.324    62.042        63.392    62.943    56.542        62.350    62.207    53.068        61.433
  38.00   150.496        76.374    75.553   150.496        74.808    74.613   132.025        73.609    73.411   129.612        72.468    72.314   128.610        71.594    71.184   120.744        70.627    70.253   118.881        69.017    68.846   110.222        68.375    68.082   105.557        66.370    66.023    97.209        65.781    65.606    67.104        65.072    64.360    63.049        63.430    62.972    57.102        62.384    62.239    53.518        61.474
  39.00   151.129        76.372    75.565   151.130        74.805    74.626   133.497        73.606    73.421   130.860        72.470    72.332   129.137        71.614    71.197   121.718        70.620    70.281   121.262        69.034    68.874   111.295        68.392    68.121   108.009        66.387    66.066   100.160        65.813    65.653    70.003        65.111    64.393    63.310        63.453    63.009    58.475        62.415    62.278    54.436        61.518
  40.00   152.042        76.370    75.572   152.042        74.802    74.637   134.553        73.605    73.432   131.981        72.474    72.351   129.872        71.629    71.203   123.066        70.610    70.307   122.892        69.049    68.897   112.974        68.408    68.159   109.789        66.397    66.107   102.526        65.851    65.709    71.868        65.160    64.424    64.098        63.470    63.047    59.617        62.451    62.321    55.349        61.565
  41.00   152.810        76.369    75.578   152.811        74.802    74.647   135.292        73.614    73.441   132.140        72.479    72.366   130.537        71.627    71.217   126.049        70.608    70.334   124.636        69.071    68.916   114.051        68.422    68.195   111.478        66.415    66.148   103.922        65.894    65.768    73.012        65.213    64.455    65.042        63.492    63.082    60.377        62.483    62.371    56.549        61.616
  42.00   153.525        76.367    75.585   153.525        74.802    74.656   135.943        73.624    73.449   132.583        72.479    72.376   131.347        71.624    71.235   127.995        70.612    70.362   126.547        69.093    68.934   115.444        68.433    68.228   112.935        66.438    66.193   105.351        65.940    65.829    74.134        65.266    64.487    65.984        63.513    63.116    61.271        62.515    62.420    57.375        61.674
  43.00   153.222        76.368    75.589   153.221        74.809    74.663   135.875        73.632    73.456   133.207        72.472    72.383   132.386        71.603    71.263   131.189        70.625    70.391   128.460        69.110    68.956   117.583        68.449    68.258   114.304        66.478    66.231   105.606        65.983    65.888    75.086        65.307    64.524    67.733        63.518    63.157    62.873        62.560    62.464    57.618        61.735
  44.00   152.995        76.368    75.591   152.996        74.814    74.668   135.810        73.637    73.460   133.758        72.462    72.385   133.462        71.583    71.292   132.940        70.642    70.422   130.522        69.128    68.979   119.401        68.467    68.290   115.850        66.520    66.269   106.479        66.023    65.941    76.057        65.341    64.562    69.408        63.526    63.204    64.314        62.611    62.513    58.313        61.798
  45.00   154.349        76.365    75.597   154.352        74.805    74.678   136.998        73.640    73.462   134.239        72.459    72.381   133.888        71.571    71.308   133.428        70.643    70.454   132.582        69.149    69.005   121.132        68.497    68.318   116.558        66.564    66.309   107.395        66.068    65.986    76.289        65.386    64.594    70.005        63.544    63.253    65.420        62.660    62.573    59.684        61.863
  46.00   155.581        76.362    75.603   155.582        74.800    74.689   138.061        73.645    73.465   134.890        72.455    72.377   134.326        71.553    71.316   134.217        70.640    70.479   133.747        69.174    69.035   122.700        68.529    68.347   117.685        66.611    66.353   108.168        66.115    66.032    76.953        65.428    64.622    70.612        63.560    63.300    66.446        62.710    62.635    60.718        61.934
  47.00   157.154        76.359    75.617   157.155        74.810    74.699   138.605        73.651    73.469   135.653        72.443    72.376   135.396        71.550    71.316   133.239        70.651    70.492   133.032        69.199    69.067   124.161        68.564    68.378   118.941        66.644    66.404   110.333        66.164    66.083    78.730        65.457    64.654    72.064        63.585    63.342    66.963        62.764    62.695    61.364        62.009
  48.00   158.124        76.356    75.635   158.124        74.822    74.709   139.477        73.656    73.471   136.427        72.436    72.378   136.068        71.551    71.318   132.937        70.658    70.500   132.589        69.222    69.097   124.937        68.599    68.409   120.143        66.673    66.453   112.026        66.213    66.134    80.503        65.489    64.690    73.626        63.613    63.385    67.707        62.818    62.755    61.874        62.088
